    Sea Surface Temperature (C)
    ---------------------------
             24.89

   p (hPa)   T (C)        q (g/Kg)
   -------   -----        --------

   1000.0    23.451      14.707336
    975.0    21.315      14.458715
    950.0    19.140      14.344968
    925.0    17.972      11.381991
    900.0    16.941       9.894473
    875.0    15.872       8.827264
    850.0    14.763       8.029092
    825.0    13.612       7.440928
    800.0    12.415       7.022137
    775.0    11.169       6.684999
    750.0     9.868       6.348746
    725.0     8.508       5.997359
    700.0     7.114       5.675086
    675.0     5.588       5.343468
    650.0     4.014       5.002264
    625.0     2.353       4.561996
    600.0     0.594       3.937707
    575.0    -1.277       3.339196
    550.0    -3.272       2.781408
    525.0    -5.408       2.277385
    500.0    -7.702       1.835653
    475.0   -10.178       1.455985
    450.0   -12.863       1.134831
    425.0   -15.787       0.867488
    400.0   -18.987       0.646897
    375.0   -22.504       0.465145
    350.0   -26.384       0.304908
    325.0   -30.677       0.254380
    300.0   -35.433       0.237584
    275.0   -40.700       0.226696
    250.0   -46.529       0.161383
    225.0   -52.967       0.101919
    200.0   -60.080       0.029516
    175.0   -67.961       0.014440
    150.0   -76.761       0.007710
    125.0   -86.696       0.006816
    100.0   -86.696       0.000600
     80.0   -86.696       0.000080
     60.0   -86.696       0.000000
     40.0   -86.696       0.000000
     30.0   -86.696       0.000000
     25.0   -86.696       0.000000
     20.0   -86.696       0.000000
     15.0   -86.696       0.000000
     10.0   -86.696       0.000000
      5.0   -86.696       0.000000